takeoff_alt: 30

waypoint/wp1: [47.399624, 8.546101, 30]
waypoint/wp2: [47.398806, 8.545771, 10]
waypoint/wp3: [47.398573, 8.545875, 30]

obstacle: [47.398133, 8.545827, 15]