takeoff_alt: 30

waypoint/wp1: [47.398624, 8.546101, 30]
waypoint/wp2: [47.398806, 8.545771, 10]
waypoint/wp3: [47.398788, 8.546138, 30]

obstacle: [47.398307, 8.545892, 15]