takeoff_alt: 15

waypoint/wp1: [37.2943090, 126.971228, 15]
waypoint/wp2: [37.294412, 126.970625, 15]
#waypoint/wp2: [37.295291, 126.970835, 15]
waypoint/wp3: [37.2943090, 126.971228, 15]

obstacle: [37.295188, 126.970882, 7]
