takeoff_alt: 15

waypoint/wp1: [37.295301, 126.970837, 15]
waypoint/wp2: [37.295312, 126.971041, 10]
waypoint/wp3: [37.295365, 126.970925, 15]

obstacle: [37.295188, 126.970897, 7]
