takeoff_alt: 15

waypoint/wp1: [37.299392, 126.968331, 15]
waypoint/wp2: [37.299615, 126.968348, 10]
waypoint/wp3: [37.299466, 126.968342, 15]

obstacle: [37.299355, 126.968587, 7]