takeoff_alt: 7

waypoint/wp1: [37.294357, 126.970798, 7]
waypoint/wp2: [37.294357, 126.970798, 4]
waypoint/wp3: [37.294357, 126.970798, 7]

obstacle: [37.295188, 126.970882, 7]
